[Ions]
Number=7
Ion1=O
Ion2=P
Ion3=H
Ion4=Ga
Ion5=C
Ion6=Ca
Ion7=Co
[Ranges]
Number=34
Range1=15.9050 16.0780 Vol:0.02883 O:1 Color:00FF00
Range2=15.4480 15.5160 Vol:0.02826 P:1 Color:FF00FF
Range3=30.9400 31.0220 Vol:0.02826 P:1 Color:FF00FF
Range4=16.9780 17.0290 Vol:0.02883 O:1 H:1 Color:CCCCCC
Range5=17.9790 18.0520 Vol:0.02883 H:2 O:1 Color:CCCCCC
Range6=46.7880 47.3620 Vol:0.05709 P:1 O:1 Color:00CC99
Range7=31.9260 32.0550 Vol:0.05766 O:2 Color:00CC33
Range8=33.9540 34.0400 Vol:0.05766 O:2 Color:00CC33
Range9=92.8740 92.9960 Vol:0.08479 P:3 Color:CC00CC
Range10=31.4370 31.5050 Vol:0.08592 P:1 O:2 Color:009999
Range11=64.8990 65.0670 Vol:0.08592 P:1 O:2 Color:009999
Range12=62.6540 63.4310 Vol:0.17184 P:2 O:4 Color:006666
Range13=125.3160 126.5040 Vol:0.17184 P:2 O:4 Color:006666
Range14=63.8380 64.0570 Vol:0.17184 P:2 O:4 Color:006666
Range15=39.4110 39.5390 Vol:0.11475 P:1 O:3 Color:009999
Range16=80.9050 81.0710 Vol:0.11475 P:1 O:3 Color:009999
Range17=78.7900 79.1410 Vol:0.22949 P:2 O:6 Color:006666
Range18=157.7160 158.2230 Vol:0.22949 P:2 O:6 Color:006666
Range19=79.8710 80.0560 Vol:0.22949 P:2 O:6 Color:006666
Range20=94.8240 95.1720 Vol:0.14358 P:1 O:4 Color:006666
Range21=68.8170 69.0590 Vol:0.01960 Ga:1 Color:000000
Range22=34.4200 34.5000 Vol:0.01960 Ga:1 Color:000000
Range23=70.8530 71.0440 Vol:0.20067 P:2 O:5 Color:006666
Range24=141.5410 142.3030 Vol:0.20067 P:2 O:5 Color:006666
Range25=203.9720 205.8330 Vol:0.28659 P:3 O:7 Color:006666
Range26=220.6390 221.2930 Vol:0.31541 P:3 O:8 Color:006666
Range27=236.7490 237.0810 Vol:0.34424 P:3 O:9 Color:006666
Range28=11.9740 12.0360 Vol:0.00878 C:1 Color:999999
Range29=19.9300 20.0510 Vol:0.04351 Ca:1 Color:00FFFF
Range30=21.9450 22.0250 Vol:0.04351 Ca:1 Color:00FFFF
Range31=118.7850 119.0990 Vol:0.15826 Ca:1 P:1 O:3 Color:660099
Range32=283.4840 284.4200 Vol:0.40133 P:4 O:10 Color:003333
Range33=58.8010 59.4420 Vol:0.01108 Co:1 Color:FF0000
Range34=29.3580 29.5220 Vol:0.01108 Co:1 Color:FF0000
